PS C:\Users\Ignas\Desktop\kursinis> python .\test_with_fnt.py
Nuskaitom nuotraukas
Padalinam nuskaitytas nuotraukas, kad 75% sudarytu apmokymui, o 25% testavimui
K = 1
             precision    recall  f1-score   support

          0       0.76      0.81      0.78        73
          1       0.72      0.79      0.75        75
          2       1.00      0.98      0.99        58
          3       0.94      0.94      0.94        83
          4       0.99      0.89      0.94        82
          5       0.96      0.97      0.97        76
          6       0.91      0.92      0.92        66
          7       0.99      0.95      0.97        75
          8       0.96      0.91      0.93        77
          9       0.94      0.93      0.93        80
          A       0.95      0.93      0.94       149
          B       0.88      0.85      0.86       154
          C       0.92      0.90      0.91       147
          D       0.96      0.97      0.97       159
          E       0.93      0.88      0.90       152
          F       0.93      0.90      0.92       152
          G       0.93      0.91      0.92       159
          H       0.90      0.88      0.89       163
          I       0.90      0.89      0.89       164
          J       0.90      0.92      0.91       150
          K       0.97      0.92      0.94       145
          L       0.57      0.86      0.69       154
          M       0.99      0.99      0.99       146
          N       0.93      0.93      0.93       161
          O       0.81      0.86      0.83       140
          P       0.98      0.96      0.97       167
          Q       0.95      0.92      0.93       145
          R       0.93      0.91      0.92       139
          S       0.99      0.96      0.98       157
          T       0.94      0.87      0.90       158
          U       0.93      0.92      0.93       159
          V       0.99      0.94      0.96       156
          X       0.99      0.94      0.97       156
          Y       0.94      0.91      0.92       138
          Z       0.98      0.98      0.98       152

avg / total       0.92      0.91      0.92      4567

K = 2
             precision    recall  f1-score   support

          0       0.59      0.88      0.71        73
          1       0.55      0.80      0.65        75
          2       0.95      0.98      0.97        58
          3       0.88      0.94      0.91        83
          4       0.96      0.87      0.91        82
          5       0.89      0.97      0.93        76
          6       0.83      0.86      0.84        66
          7       0.89      0.93      0.91        75
          8       0.90      0.81      0.85        77
          9       0.91      0.88      0.89        80
          A       0.85      0.94      0.89       149
          B       0.77      0.92      0.84       154
          C       0.75      0.89      0.81       147
          D       0.96      0.94      0.95       159
          E       0.87      0.74      0.80       152
          F       0.78      0.90      0.84       152
          G       0.87      0.86      0.86       159
          H       0.86      0.80      0.83       163
          I       0.84      0.93      0.88       164
          J       0.90      0.89      0.90       150
          K       0.94      0.87      0.90       145
          L       0.54      0.76      0.63       154
          M       1.00      0.96      0.98       146
          N       0.89      0.93      0.91       161
          O       0.86      0.81      0.83       140
          P       0.95      0.91      0.93       167
          Q       0.93      0.81      0.87       145
          R       0.95      0.84      0.89       139
          S       1.00      0.89      0.94       157
          T       0.96      0.70      0.81       158
          U       0.96      0.82      0.89       159
          V       0.97      0.90      0.93       156
          X       0.99      0.91      0.95       156
          Y       0.99      0.78      0.87       138
          Z       0.99      0.93      0.96       152

avg / total       0.88      0.87      0.87      4567

K = 3
             precision    recall  f1-score   support

          0       0.57      0.82      0.67        73
          1       0.52      0.65      0.58        75
          2       0.96      0.91      0.94        58
          3       0.92      0.81      0.86        83
          4       0.96      0.85      0.90        82
          5       0.83      0.95      0.88        76
          6       0.87      0.83      0.85        66
          7       0.90      0.95      0.92        75
          8       0.92      0.84      0.88        77
          9       0.92      0.85      0.88        80
          A       0.82      0.89      0.85       149
          B       0.81      0.85      0.83       154
          C       0.78      0.86      0.82       147
          D       0.94      0.91      0.92       159
          E       0.86      0.74      0.80       152
          F       0.69      0.88      0.78       152
          G       0.85      0.82      0.84       159
          H       0.81      0.83      0.82       163
          I       0.84      0.87      0.86       164
          J       0.88      0.89      0.88       150
          K       0.93      0.87      0.90       145
          L       0.58      0.81      0.68       154
          M       0.99      0.95      0.97       146
          N       0.92      0.90      0.91       161
          O       0.84      0.81      0.82       140
          P       0.96      0.89      0.93       167
          Q       0.94      0.81      0.87       145
          R       0.92      0.86      0.89       139
          S       0.97      0.92      0.94       157
          T       0.90      0.78      0.83       158
          U       0.92      0.88      0.90       159
          V       0.94      0.88      0.91       156
          X       0.99      0.92      0.96       156
          Y       0.93      0.79      0.85       138
          Z       0.97      0.93      0.95       152

avg / total       0.87      0.86      0.86      4567

K = 4
             precision    recall  f1-score   support

          0       0.56      0.86      0.68        73
          1       0.51      0.64      0.56        75
          2       0.96      0.91      0.94        58
          3       0.91      0.84      0.88        83
          4       0.95      0.85      0.90        82
          5       0.84      0.93      0.88        76
          6       0.90      0.82      0.86        66
          7       0.86      0.95      0.90        75
          8       0.91      0.81      0.86        77
          9       0.93      0.84      0.88        80
          A       0.81      0.90      0.85       149
          B       0.82      0.84      0.83       154
          C       0.78      0.88      0.83       147
          D       0.92      0.89      0.90       159
          E       0.94      0.71      0.81       152
          F       0.65      0.88      0.74       152
          G       0.87      0.79      0.83       159
          H       0.81      0.83      0.82       163
          I       0.83      0.87      0.85       164
          J       0.80      0.88      0.84       150
          K       0.95      0.85      0.90       145
          L       0.60      0.80      0.68       154
          M       0.99      0.95      0.97       146
          N       0.91      0.89      0.90       161
          O       0.82      0.79      0.81       140
          P       0.96      0.89      0.92       167
          Q       0.92      0.81      0.86       145
          R       0.91      0.85      0.88       139
          S       0.97      0.91      0.94       157
          T       0.88      0.77      0.82       158
          U       0.91      0.87      0.89       159
          V       0.92      0.88      0.90       156
          X       0.98      0.91      0.94       156
          Y       0.95      0.78      0.85       138
          Z       0.95      0.93      0.94       152

avg / total       0.87      0.85      0.86      4567

K = 5
             precision    recall  f1-score   support

          0       0.55      0.79      0.65        73
          1       0.51      0.59      0.54        75
          2       0.94      0.88      0.91        58
          3       0.91      0.83      0.87        83
          4       0.92      0.85      0.89        82
          5       0.82      0.91      0.86        76
          6       0.93      0.80      0.86        66
          7       0.83      0.95      0.88        75
          8       0.92      0.79      0.85        77
          9       0.93      0.81      0.87        80
          A       0.80      0.86      0.83       149
          B       0.83      0.82      0.83       154
          C       0.79      0.86      0.82       147
          D       0.90      0.86      0.88       159
          E       0.92      0.72      0.81       152
          F       0.65      0.86      0.74       152
          G       0.90      0.80      0.85       159
          H       0.81      0.84      0.83       163
          I       0.86      0.88      0.87       164
          J       0.80      0.88      0.84       150
          K       0.95      0.86      0.90       145
          L       0.59      0.80      0.68       154
          M       0.99      0.95      0.97       146
          N       0.91      0.88      0.89       161
          O       0.79      0.81      0.80       140
          P       0.95      0.88      0.91       167
          Q       0.91      0.81      0.86       145
          R       0.92      0.86      0.89       139
          S       0.94      0.92      0.93       157
          T       0.82      0.80      0.81       158
          U       0.91      0.87      0.89       159
          V       0.93      0.88      0.90       156
          X       0.97      0.92      0.94       156
          Y       0.96      0.79      0.87       138
          Z       0.93      0.93      0.93       152

avg / total       0.86      0.85      0.85      4567

K = 6
             precision    recall  f1-score   support

          0       0.55      0.78      0.64        73
          1       0.53      0.57      0.55        75
          2       0.94      0.88      0.91        58
          3       0.96      0.83      0.89        83
          4       0.92      0.84      0.88        82
          5       0.82      0.91      0.86        76
          6       0.90      0.79      0.84        66
          7       0.79      0.95      0.86        75
          8       0.92      0.78      0.85        77
          9       0.92      0.82      0.87        80
          A       0.82      0.87      0.84       149
          B       0.82      0.82      0.82       154
          C       0.77      0.87      0.82       147
          D       0.90      0.86      0.88       159
          E       0.92      0.69      0.79       152
          F       0.67      0.84      0.74       152
          G       0.90      0.82      0.86       159
          H       0.83      0.82      0.82       163
          I       0.82      0.90      0.86       164
          J       0.79      0.87      0.83       150
          K       0.94      0.86      0.90       145
          L       0.57      0.80      0.67       154
          M       0.99      0.96      0.98       146
          N       0.90      0.89      0.90       161
          O       0.79      0.81      0.80       140
          P       0.95      0.87      0.91       167
          Q       0.92      0.81      0.86       145
          R       0.89      0.84      0.86       139
          S       0.94      0.92      0.93       157
          T       0.75      0.79      0.77       158
          U       0.93      0.87      0.90       159
          V       0.94      0.87      0.90       156
          X       0.97      0.92      0.94       156
          Y       0.97      0.77      0.86       138
          Z       0.94      0.93      0.93       152

avg / total       0.86      0.85      0.85      4567

K = 7
             precision    recall  f1-score   support

          0       0.59      0.78      0.67        73
          1       0.56      0.53      0.55        75
          2       0.96      0.86      0.91        58
          3       0.96      0.82      0.88        83
          4       0.96      0.80      0.87        82
          5       0.83      0.88      0.85        76
          6       0.93      0.80      0.86        66
          7       0.84      0.93      0.89        75
          8       0.92      0.78      0.85        77
          9       0.92      0.82      0.87        80
          A       0.83      0.85      0.84       149
          B       0.84      0.81      0.82       154
          C       0.78      0.87      0.82       147
          D       0.87      0.86      0.86       159
          E       0.92      0.71      0.80       152
          F       0.72      0.83      0.77       152
          G       0.93      0.81      0.87       159
          H       0.85      0.85      0.85       163
          I       0.80      0.88      0.84       164
          J       0.77      0.88      0.82       150
          K       0.91      0.85      0.88       145
          L       0.54      0.82      0.65       154
          M       0.99      0.95      0.97       146
          N       0.91      0.89      0.90       161
          O       0.77      0.81      0.79       140
          P       0.96      0.87      0.92       167
          Q       0.92      0.84      0.88       145
          R       0.85      0.83      0.84       139
          S       0.92      0.92      0.92       157
          T       0.72      0.81      0.76       158
          U       0.91      0.87      0.89       159
          V       0.93      0.89      0.91       156
          X       0.95      0.91      0.93       156
          Y       0.95      0.79      0.86       138
          Z       0.95      0.93      0.94       152

avg / total       0.86      0.85      0.85      4567

K = 8
             precision    recall  f1-score   support

          0       0.60      0.77      0.67        73
          1       0.55      0.53      0.54        75
          2       0.96      0.86      0.91        58
          3       0.97      0.82      0.89        83
          4       0.94      0.80      0.87        82
          5       0.86      0.87      0.86        76
          6       0.86      0.82      0.84        66
          7       0.86      0.91      0.88        75
          8       0.92      0.78      0.85        77
          9       0.93      0.82      0.87        80
          A       0.84      0.85      0.85       149
          B       0.83      0.81      0.82       154
          C       0.76      0.89      0.82       147
          D       0.89      0.84      0.86       159
          E       0.94      0.70      0.80       152
          F       0.68      0.82      0.74       152
          G       0.95      0.80      0.87       159
          H       0.86      0.83      0.85       163
          I       0.75      0.88      0.81       164
          J       0.76      0.88      0.81       150
          K       0.92      0.83      0.87       145
          L       0.54      0.81      0.65       154
          M       0.99      0.95      0.97       146
          N       0.91      0.89      0.90       161
          O       0.78      0.81      0.79       140
          P       0.95      0.89      0.92       167
          Q       0.91      0.86      0.88       145
          R       0.84      0.85      0.84       139
          S       0.91      0.92      0.91       157
          T       0.77      0.80      0.79       158
          U       0.91      0.87      0.89       159
          V       0.93      0.90      0.91       156
          X       0.95      0.90      0.92       156
          Y       0.96      0.78      0.86       138
          Z       0.95      0.92      0.94       152

avg / total       0.86      0.84      0.85      4567

K = 9
             precision    recall  f1-score   support

          0       0.58      0.75      0.65        73
          1       0.53      0.49      0.51        75
          2       0.96      0.84      0.90        58
          3       0.97      0.81      0.88        83
          4       0.94      0.77      0.85        82
          5       0.87      0.87      0.87        76
          6       0.87      0.80      0.83        66
          7       0.84      0.91      0.87        75
          8       0.90      0.79      0.84        77
          9       0.94      0.79      0.86        80
          A       0.84      0.84      0.84       149
          B       0.83      0.79      0.81       154
          C       0.79      0.89      0.84       147
          D       0.90      0.86      0.88       159
          E       0.95      0.70      0.81       152
          F       0.66      0.81      0.73       152
          G       0.93      0.79      0.85       159
          H       0.83      0.83      0.83       163
          I       0.75      0.87      0.81       164
          J       0.75      0.89      0.81       150
          K       0.92      0.83      0.87       145
          L       0.53      0.79      0.63       154
          M       0.99      0.96      0.98       146
          N       0.89      0.89      0.89       161
          O       0.76      0.81      0.79       140
          P       0.95      0.86      0.91       167
          Q       0.91      0.86      0.88       145
          R       0.77      0.85      0.81       139
          S       0.90      0.92      0.91       157
          T       0.81      0.82      0.81       158
          U       0.91      0.87      0.89       159
          V       0.93      0.89      0.91       156
          X       0.95      0.89      0.92       156
          Y       0.95      0.77      0.85       138
          Z       0.94      0.93      0.94       152

avg / total       0.85      0.84      0.84      4567

K = 10
             precision    recall  f1-score   support

          0       0.57      0.75      0.65        73
          1       0.56      0.49      0.52        75
          2       0.96      0.84      0.90        58
          3       0.94      0.82      0.88        83
          4       0.94      0.78      0.85        82
          5       0.85      0.88      0.86        76
          6       0.90      0.80      0.85        66
          7       0.84      0.92      0.88        75
          8       0.91      0.79      0.85        77
          9       0.90      0.79      0.84        80
          A       0.86      0.84      0.85       149
          B       0.83      0.81      0.82       154
          C       0.79      0.89      0.84       147
          D       0.90      0.86      0.88       159
          E       0.94      0.70      0.80       152
          F       0.68      0.83      0.75       152
          G       0.93      0.78      0.85       159
          H       0.85      0.82      0.83       163
          I       0.72      0.87      0.78       164
          J       0.77      0.87      0.82       150
          K       0.92      0.83      0.88       145
          L       0.52      0.81      0.63       154
          M       0.99      0.96      0.97       146
          N       0.89      0.88      0.88       161
          O       0.77      0.82      0.79       140
          P       0.95      0.86      0.91       167
          Q       0.91      0.86      0.88       145
          R       0.79      0.84      0.81       139
          S       0.91      0.91      0.91       157
          T       0.81      0.81      0.81       158
          U       0.90      0.86      0.88       159
          V       0.93      0.88      0.91       156
          X       0.93      0.90      0.92       156
          Y       0.96      0.77      0.85       138
          Z       0.93      0.93      0.93       152

avg / total       0.85      0.84      0.84      4567

Polinomo laipsnis = 1
             precision    recall  f1-score   support

          0       0.75      0.82      0.78        73
          1       0.69      0.77      0.73        75
          2       0.98      0.97      0.97        58
          3       0.92      0.96      0.94        83
          4       0.95      0.91      0.93        82
          5       0.95      0.92      0.93        76
          6       0.90      0.94      0.92        66
          7       0.97      0.96      0.97        75
          8       0.90      0.96      0.93        77
          9       0.92      0.90      0.91        80
          A       0.91      0.93      0.92       149
          B       0.88      0.94      0.91       154
          C       0.88      0.95      0.91       147
          D       0.96      0.92      0.94       159
          E       0.91      0.87      0.89       152
          F       0.83      0.87      0.85       152
          G       0.93      0.87      0.90       159
          H       0.92      0.88      0.90       163
          I       0.93      0.96      0.95       164
          J       0.94      0.89      0.91       150
          K       0.94      0.90      0.92       145
          L       0.76      0.86      0.81       154
          M       0.97      0.97      0.97       146
          N       0.94      0.93      0.94       161
          O       0.82      0.83      0.83       140
          P       0.93      0.96      0.94       167
          Q       0.96      0.90      0.93       145
          R       0.86      0.88      0.87       139
          S       0.96      0.93      0.94       157
          T       0.90      0.86      0.88       158
          U       0.97      0.93      0.95       159
          V       0.97      0.91      0.94       156
          X       0.97      0.92      0.95       156
          Y       0.91      0.89      0.90       138
          Z       0.90      0.95      0.93       152

avg / total       0.91      0.91      0.91      4567

Polinomo laipsnis = 2
             precision    recall  f1-score   support

          0       0.78      0.85      0.82        73
          1       0.39      0.84      0.53        75
          2       0.95      0.98      0.97        58
          3       0.98      0.96      0.97        83
          4       0.95      0.91      0.93        82
          5       0.95      0.95      0.95        76
          6       0.95      0.95      0.95        66
          7       0.97      0.99      0.98        75
          8       0.86      0.96      0.91        77
          9       0.96      0.90      0.93        80
          A       0.94      0.90      0.92       149
          B       0.92      0.95      0.93       154
          C       0.88      0.95      0.91       147
          D       0.99      0.94      0.96       159
          E       0.92      0.88      0.90       152
          F       0.80      0.90      0.85       152
          G       0.95      0.90      0.93       159
          H       0.94      0.93      0.93       163
          I       0.85      0.87      0.86       164
          J       0.93      0.93      0.93       150
          K       0.94      0.92      0.93       145
          L       0.66      0.33      0.44       154
          M       0.99      0.98      0.99       146
          N       0.94      0.95      0.95       161
          O       0.89      0.86      0.87       140
          P       0.93      0.98      0.95       167
          Q       0.97      0.92      0.95       145
          R       0.91      0.91      0.91       139
          S       0.98      0.94      0.96       157
          T       0.90      0.87      0.89       158
          U       0.97      0.94      0.96       159
          V       0.97      0.93      0.95       156
          X       0.97      0.94      0.96       156
          Y       0.93      0.92      0.93       138
          Z       0.92      0.95      0.94       152

avg / total       0.91      0.90      0.91      4567

             precision    recall  f1-score   support

          0       0.00      0.00      0.00        73
          1       0.00      0.00      0.00        75
          2       0.00      0.00      0.00        58
          3       0.00      0.00      0.00        83
          4       0.00      0.00      0.00        82
          5       0.00      0.00      0.00        76
          6       0.00      0.00      0.00        66
          7       0.00      0.00      0.00        75
          8       0.00      0.00      0.00        77
          9       0.00      0.00      0.00        80
          A       0.00      0.00      0.00       149
          B       0.00      0.00      0.00       154
          C       0.00      0.00      0.00       147
          D       0.00      0.00      0.00       159
          E       0.00      0.00      0.00       152
          F       0.00      0.00      0.00       152
          G       0.00      0.00      0.00       159
          H       0.00      0.00      0.00       163
          I       0.00      0.00      0.00       164
          J       0.00      0.00      0.00       150
          K       0.00      0.00      0.00       145
          L       0.00      0.00      0.00       154
          M       1.00      0.79      0.89       146
          N       0.65      0.07      0.12       161
          O       0.58      0.74      0.65       140
          P       0.00      0.00      0.00       167
          Q       0.00      0.00      0.00       145
          R       1.00      0.01      0.01       139
          S       0.00      0.00      0.00       157
          T       0.00      0.00      0.00       158
          U       0.00      0.00      0.00       159
          V       0.00      0.00      0.00       156
          X       0.98      0.76      0.86       156
          Y       0.03      1.00      0.06       138
          Z       0.00      0.00      0.00       152

avg / total       0.14      0.11      0.08      4567

Sluoksniu skaicius = 200
             precision    recall  f1-score   support

          0       0.00      0.00      0.00        73
          1       0.00      0.00      0.00        75
          2       0.00      0.00      0.00        58
          3       0.00      0.00      0.00        83
          4       0.00      0.00      0.00        82
          5       0.00      0.00      0.00        76
          6       0.00      0.00      0.00        66
          7       0.33      0.01      0.03        75
          8       0.00      0.00      0.00        77
          9       0.00      0.00      0.00        80
          A       1.00      0.29      0.45       149
          B       0.57      0.10      0.18       154
          C       0.62      0.76      0.68       147
          D       0.00      0.00      0.00       159
          E       0.99      0.50      0.66       152
          F       0.00      0.00      0.00       152
          G       0.00      0.00      0.00       159
          H       0.52      0.23      0.32       163
          I       0.00      0.00      0.00       164
          J       0.33      0.01      0.01       150
          K       0.00      0.00      0.00       145
          L       0.10      0.01      0.01       154
          M       0.98      0.76      0.86       146
          N       0.96      0.66      0.78       161
          O       0.83      0.61      0.70       140
          P       0.00      0.00      0.00       167
          Q       0.00      0.00      0.00       145
          R       0.04      0.95      0.08       139
          S       0.78      0.29      0.43       157
          T       0.00      0.00      0.00       158
          U       0.91      0.77      0.83       159
          V       0.19      0.03      0.05       156
          X       0.47      0.71      0.57       156
          Y       0.12      0.05      0.07       138
          Z       0.99      0.69      0.81       152

avg / total       0.35      0.24      0.25      4567

Sluoksniu skaicius = 300
             precision    recall  f1-score   support

          0       0.59      0.30      0.40        73
          1       0.10      0.01      0.02        75
          2       0.89      0.71      0.79        58
          3       0.87      0.75      0.81        83
          4       0.77      0.73      0.75        82
          5       0.61      0.64      0.63        76
          6       0.81      0.45      0.58        66
          7       0.88      0.79      0.83        75
          8       0.71      0.19      0.31        77
          9       0.33      0.01      0.02        80
          A       0.92      0.73      0.81       149
          B       0.97      0.66      0.79       154
          C       0.98      0.76      0.85       147
          D       0.92      0.67      0.78       159
          E       0.90      0.74      0.81       152
          F       0.11      0.99      0.19       152
          G       0.53      0.79      0.63       159
          H       0.94      0.67      0.79       163
          I       0.00      0.00      0.00       164
          J       0.11      0.01      0.02       150
          K       0.83      0.82      0.83       145
          L       0.17      0.03      0.05       154
          M       0.99      0.75      0.85       146
          N       0.96      0.78      0.86       161
          O       0.85      0.75      0.80       140
          P       0.93      0.83      0.88       167
          Q       0.88      0.39      0.54       145
          R       0.98      0.73      0.84       139
          S       0.88      0.81      0.84       157
          T       0.99      0.63      0.77       158
          U       0.91      0.80      0.85       159
          V       0.97      0.78      0.87       156
          X       0.98      0.79      0.87       156
          Y       0.94      0.74      0.83       138
          Z       0.93      0.85      0.89       152

avg / total       0.76      0.63      0.66      4567

Sluoksniu skaicius = 400
             precision    recall  f1-score   support

          0       0.56      0.75      0.64        73
          1       1.00      0.01      0.03        75
          2       1.00      0.50      0.67        58
          3       0.98      0.70      0.82        83
          4       0.78      0.73      0.75        82
          5       0.87      0.61      0.71        76
          6       0.96      0.65      0.77        66
          7       0.95      0.69      0.80        75
          8       0.65      0.73      0.69        77
          9       0.93      0.78      0.84        80
          A       0.96      0.73      0.83       149
          B       0.93      0.65      0.77       154
          C       0.93      0.71      0.80       147
          D       0.81      0.67      0.74       159
          E       0.94      0.66      0.78       152
          F       0.53      0.66      0.59       152
          G       0.92      0.67      0.77       159
          H       0.89      0.77      0.83       163
          I       0.12      0.85      0.22       164
          J       0.28      0.09      0.13       150
          K       0.88      0.79      0.83       145
          L       0.31      0.10      0.16       154
          M       1.00      0.75      0.86       146
          N       0.86      0.81      0.84       161
          O       0.93      0.70      0.80       140
          P       0.75      0.91      0.82       167
          Q       0.91      0.71      0.80       145
          R       0.81      0.73      0.77       139
          S       0.80      0.82      0.81       157
          T       0.05      0.01      0.01       158
          U       0.80      0.77      0.79       159
          V       0.92      0.76      0.83       156
          X       1.00      0.75      0.86       156
          Y       0.99      0.66      0.79       138
          Z       0.84      0.84      0.84       152

avg / total       0.78      0.66      0.69      4567

Sluoksniu skaicius = 500
             precision    recall  f1-score   support

          0       0.74      0.70      0.72        73
          1       0.00      0.00      0.00        75
          2       0.77      0.79      0.78        58
          3       0.92      0.72      0.81        83
          4       0.91      0.82      0.86        82
          5       0.85      0.79      0.82        76
          6       0.88      0.76      0.81        66
          7       1.00      0.39      0.56        75
          8       0.90      0.68      0.77        77
          9       0.88      0.75      0.81        80
          A       0.92      0.79      0.85       149
          B       0.91      0.73      0.81       154
          C       0.95      0.67      0.78       147
          D       0.84      0.74      0.79       159
          E       0.82      0.77      0.80       152
          F       0.44      0.80      0.57       152
          G       0.75      0.84      0.80       159
          H       0.97      0.73      0.83       163
          I       0.29      0.13      0.18       164
          J       0.18      0.95      0.30       150
          K       0.87      0.77      0.82       145
          L       0.09      0.08      0.09       154
          M       0.95      0.84      0.89       146
          N       0.89      0.83      0.86       161
          O       0.88      0.76      0.82       140
          P       0.96      0.67      0.79       167
          Q       0.90      0.75      0.82       145
          R       0.78      0.78      0.78       139
          S       0.96      0.82      0.88       157
          T       0.97      0.56      0.71       158
          U       0.96      0.76      0.85       159
          V       0.89      0.69      0.78       156
          X       0.93      0.83      0.88       156
          Y       0.79      0.74      0.76       138
          Z       0.90      0.74      0.82       152

avg / total       0.79      0.70      0.72      4567

Sluoksniu skaicius = 600
             precision    recall  f1-score   support

          0       0.70      0.48      0.57        73
          1       0.19      0.04      0.07        75
          2       0.84      0.88      0.86        58
          3       0.87      0.66      0.75        83
          4       0.94      0.55      0.69        82
          5       0.79      0.76      0.78        76
          6       0.62      0.76      0.68        66
          7       0.98      0.85      0.91        75
          8       0.87      0.69      0.77        77
          9       0.92      0.70      0.79        80
          A       0.77      0.80      0.79       149
          B       0.92      0.68      0.78       154
          C       0.90      0.82      0.85       147
          D       0.84      0.56      0.67       159
          E       0.85      0.80      0.82       152
          F       0.81      0.60      0.69       152
          G       0.77      0.75      0.76       159
          H       0.86      0.77      0.81       163
          I       0.22      0.90      0.35       164
          J       0.65      0.83      0.73       150
          K       0.83      0.69      0.75       145
          L       0.40      0.40      0.40       154
          M       0.91      0.81      0.86       146
          N       0.92      0.75      0.83       161
          O       0.86      0.76      0.81       140
          P       0.91      0.59      0.72       167
          Q       0.84      0.77      0.80       145
          R       0.70      0.81      0.75       139
          S       0.87      0.86      0.87       157
          T       0.88      0.61      0.72       158
          U       0.91      0.79      0.85       159
          V       0.76      0.78      0.77       156
          X       0.93      0.79      0.86       156
          Y       0.72      0.76      0.74       138
          Z       0.87      0.88      0.87       152

avg / total       0.79      0.72      0.74      4567

Sluoksniu skaicius = 700
             precision    recall  f1-score   support

          0       0.75      0.58      0.65        73
          1       0.28      0.15      0.19        75
          2       0.83      0.78      0.80        58
          3       0.79      0.67      0.73        83
          4       0.83      0.67      0.74        82
          5       0.81      0.71      0.76        76
          6       0.83      0.74      0.78        66
          7       0.89      0.72      0.79        75
          8       0.80      0.77      0.78        77
          9       0.83      0.71      0.77        80
          A       0.92      0.64      0.76       149
          B       0.94      0.68      0.79       154
          C       0.75      0.81      0.78       147
          D       0.88      0.62      0.73       159
          E       0.88      0.67      0.76       152
          F       0.76      0.66      0.70       152
          G       0.81      0.73      0.77       159
          H       0.89      0.75      0.82       163
          I       0.53      0.90      0.67       164
          J       0.88      0.72      0.79       150
          K       0.82      0.81      0.82       145
          L       0.12      0.52      0.20       154
          M       0.76      0.84      0.80       146
          N       0.87      0.81      0.84       161
          O       0.86      0.72      0.78       140
          P       0.94      0.79      0.86       167
          Q       0.95      0.76      0.84       145
          R       0.80      0.70      0.75       139
          S       0.84      0.87      0.85       157
          T       0.94      0.65      0.77       158
          U       0.98      0.78      0.87       159
          V       0.93      0.74      0.82       156
          X       0.93      0.81      0.86       156
          Y       0.82      0.75      0.78       138
          Z       0.88      0.88      0.88       152

avg / total       0.82      0.73      0.76      4567

Sluoksniu skaicius = 800
             precision    recall  f1-score   support

          0       0.79      0.60      0.68        73
          1       0.40      0.05      0.09        75
          2       0.92      0.76      0.83        58
          3       0.83      0.64      0.72        83
          4       0.58      0.55      0.56        82
          5       0.86      0.50      0.63        76
          6       0.78      0.76      0.77        66
          7       0.97      0.83      0.89        75
          8       0.83      0.68      0.74        77
          9       0.91      0.79      0.85        80
          A       0.86      0.77      0.81       149
          B       0.93      0.69      0.80       154
          C       0.90      0.82      0.86       147
          D       0.81      0.65      0.72       159
          E       0.89      0.78      0.84       152
          F       0.88      0.75      0.81       152
          G       0.80      0.78      0.79       159
          H       0.94      0.74      0.82       163
          I       0.75      0.86      0.80       164
          J       0.20      0.81      0.32       150
          K       0.88      0.79      0.84       145
          L       0.61      0.64      0.62       154
          M       0.91      0.86      0.88       146
          N       0.89      0.83      0.86       161
          O       0.88      0.76      0.81       140
          P       0.82      0.87      0.85       167
          Q       0.87      0.75      0.80       145
          R       0.89      0.82      0.85       139
          S       0.77      0.90      0.83       157
          T       0.80      0.78      0.79       158
          U       0.95      0.72      0.82       159
          V       0.87      0.85      0.86       156
          X       0.97      0.76      0.85       156
          Y       0.65      0.80      0.72       138
          Z       0.97      0.80      0.87       152

avg / total       0.82      0.76      0.77      4567

Sluoksniu skaicius = 900
             precision    recall  f1-score   support

          0       0.62      0.67      0.64        73
          1       0.41      0.17      0.24        75
          2       0.79      0.76      0.77        58
          3       0.88      0.67      0.76        83
          4       0.86      0.72      0.78        82
          5       0.62      0.76      0.69        76
          6       0.86      0.74      0.80        66
          7       0.60      0.81      0.69        75
          8       0.82      0.66      0.73        77
          9       0.82      0.59      0.69        80
          A       0.94      0.68      0.79       149
          B       0.87      0.76      0.81       154
          C       0.83      0.79      0.81       147
          D       0.89      0.64      0.75       159
          E       0.83      0.76      0.79       152
          F       0.72      0.77      0.74       152
          G       0.77      0.75      0.76       159
          H       0.80      0.76      0.78       163
          I       0.88      0.79      0.83       164
          J       0.77      0.83      0.80       150
          K       0.71      0.86      0.78       145
          L       0.56      0.77      0.65       154
          M       0.88      0.86      0.87       146
          N       0.91      0.81      0.86       161
          O       0.88      0.71      0.79       140
          P       0.36      0.89      0.51       167
          Q       0.71      0.74      0.73       145
          R       0.84      0.78      0.81       139
          S       0.82      0.89      0.86       157
          T       0.79      0.78      0.78       158
          U       0.87      0.79      0.83       159
          V       0.89      0.77      0.82       156
          X       0.94      0.85      0.90       156
          Y       0.86      0.75      0.80       138
          Z       0.97      0.86      0.91       152

avg / total       0.80      0.76      0.77      4567

Sluoksniu skaicius = 1000
             precision    recall  f1-score   support

          0       0.78      0.59      0.67        73
          1       0.43      0.12      0.19        75
          2       0.82      0.78      0.80        58
          3       0.82      0.73      0.78        83
          4       0.86      0.77      0.81        82
          5       0.90      0.70      0.79        76
          6       0.88      0.74      0.80        66
          7       0.88      0.80      0.84        75
          8       0.89      0.65      0.75        77
          9       0.78      0.75      0.76        80
          A       0.83      0.80      0.81       149
          B       0.79      0.68      0.73       154
          C       0.79      0.84      0.81       147
          D       0.78      0.72      0.75       159
          E       0.84      0.70      0.76       152
          F       0.91      0.67      0.77       152
          G       0.87      0.77      0.81       159
          H       0.86      0.67      0.76       163
          I       0.70      0.84      0.76       164
          J       0.70      0.87      0.78       150
          K       0.86      0.75      0.80       145
          L       0.19      0.64      0.29       154
          M       0.91      0.90      0.90       146
          N       0.95      0.81      0.88       161
          O       0.85      0.75      0.80       140
          P       0.81      0.84      0.83       167
          Q       0.90      0.78      0.83       145
          R       0.88      0.74      0.80       139
          S       0.81      0.90      0.85       157
          T       0.81      0.81      0.81       158
          U       0.88      0.81      0.84       159
          V       0.94      0.72      0.81       156
          X       0.90      0.81      0.85       156
          Y       0.74      0.81      0.77       138
          Z       0.88      0.84      0.86       152

avg / total       0.81      0.76      0.78      4567
